1 0.2993827160493827 0.2734375 0.020061728395061727 0.090625
1 0.7800925925925926 0.290625 0.008487654320987654 0.053125
1 0.8522376543209876 0.3375 0.014660493827160493 0.065625
1 0.44521604938271603 0.4765625 0.03009259259259259 0.159375
1 0.513695987654321 0.35546875 0.02199074074074074 0.1046875
1 0.9629629629629629 0.3359375 0.008487654320987654 0.053125
1 0.6128472222222222 0.31953125 0.018132716049382717 0.0796875
1 0.6251929012345679 0.2625 0.009645061728395061 0.05625
1 0.4695216049382716 0.2546875 0.010030864197530864 0.06875
1 0.7262731481481481 0.31796875 0.015046296296296295 0.0703125
1 0.05864197530864197 0.37421875 0.03935185185185185 0.1515625
1 0.9567901234567902 0.303125 0.008487654320987654 0.040625
1 0.8807870370370371 0.2734375 0.005401234567901234 0.028125
1 0.1867283950617284 0.13359375 0.006172839506172839 0.0296875
1 0.9427083333333334 0.284375 0.005787037037037037 0.028125
1 0.5144675925925926 0.8703125 0.04205246913580247 0.25625
1 0.10243055555555555 0.146875 0.0073302469135802465 0.04375
1 0.33101851851851855 0.14453125 0.006172839506172839 0.0265625
1 0.5814043209876543 0.190625 0.0038580246913580245 0.025
1 0.35127314814814814 0.1390625 0.004243827160493827 0.025
1 0.310570987654321 0.1640625 0.006944444444444444 0.0375
1 0.38773148148148145 0.16484375 0.0038580246913580245 0.0328125
1 0.5599922839506173 0.18046875 0.004243827160493827 0.0234375
1 0.7853009259259259 0.24140625 0.005015432098765432 0.0234375
1 0.47800925925925924 0.1734375 0.004629629629629629 0.028125
1 0.2511574074074074 0.17734375 0.007716049382716049 0.0453125
1 0.40625 0.1546875 0.0038580246913580245 0.028125
1 0.2816358024691358 0.1203125 0.0038580246913580245 0.021875
1 0.36342592592592593 0.134375 0.0030864197530864196 0.021875
1 0.4209104938271605 0.15 0.0038580246913580245 0.025
1 0.47260802469135804 0.16328125 0.0038580246913580245 0.0234375
