1 0.1257716049382716 0.221875 0.015432098765432098 0.084375
1 0.21334876543209877 0.4125 0.033179012345679014 0.16875
1 0.05864197530864197 0.09375 0.006944444444444444 0.0375
1 0.08873456790123457 0.153125 0.012345679012345678 0.06875
1 0.07677469135802469 0.13125 0.010030864197530864 0.053125
1 0.06944444444444445 0.1171875 0.008487654320987654 0.046875
1 0.05092592592592592 0.078125 0.006944444444444444 0.03125
1 0.044945987654320986 0.0671875 0.005787037037037037 0.028125
1 0.007137345679012345 0.01875 0.002700617283950617 0.0125
1 0.016010802469135804 0.02109375 0.002700617283950617 0.0109375
1 0.08680555555555555 0.1375 0.010030864197530864 0.0625
1 0.04070216049382716 0.059375 0.005015432098765432 0.028125
