1 0.6902006172839507 0.3984375 0.010802469135802469 0.059375
1 0.3454861111111111 0.61953125 0.03896604938271605 0.1828125
1 0.9857253086419753 0.43125 0.013117283950617283 0.0625
1 0.8115354938271605 0.403125 0.010416666666666666 0.05625
1 0.8312114197530864 0.5046875 0.02353395061728395 0.103125
1 0.5 0.4578125 0.022376543209876542 0.096875
1 0.9893904320987654 0.35625 0.006558641975308642 0.03125
1 0.8933256172839507 0.3421875 0.006558641975308642 0.034375
1 0.5746527777777778 0.41171875 0.01273148148148148 0.0703125
1 0.8342978395061729 0.34375 0.006558641975308642 0.025
1 0.732445987654321 0.27421875 0.005015432098765432 0.0265625
1 0.8510802469135802 0.465625 0.016203703703703703 0.084375
