1 0.31828703703703703 0.4984375 0.022376543209876542 0.11875
1 0.10532407407407407 0.6859375 0.05015432098765432 0.215625
1 0.8804012345679012 0.69609375 0.046296296296296294 0.2015625
1 0.5071373456790124 0.43984375 0.018132716049382717 0.0890625
1 0.8715277777777778 0.44140625 0.016203703703703703 0.0796875
1 0.8838734567901234 0.3390625 0.007716049382716049 0.040625
1 0.6662808641975309 0.421875 0.010030864197530864 0.065625
1 0.7679398148148148 0.3265625 0.008101851851851851 0.0375
1 0.6383101851851852 0.31328125 0.005787037037037037 0.0328125
1 0.46064814814814814 0.29609375 0.004629629629629629 0.0296875
1 0.544945987654321 0.30546875 0.005787037037037037 0.0328125
