1 0.7783564814814815 0.465625 0.017361111111111112 0.090625
1 0.5466820987654321 0.4578125 0.022376543209876542 0.096875
1 0.041666666666666664 0.621875 0.05015432098765432 0.190625
1 0.3445216049382716 0.48828125 0.02700617283950617 0.1171875
1 0.6408179012345679 0.325 0.006944444444444444 0.040625
1 0.941358024691358 0.91015625 0.034722222222222224 0.1796875
1 0.7575231481481481 0.3359375 0.0073302469135802465 0.040625
1 0.8722993827160493 0.346875 0.009259259259259259 0.040625
1 0.503858024691358 0.309375 0.006944444444444444 0.0375
1 0.3092206790123457 0.28671875 0.0073302469135802465 0.0328125
1 0.40219907407407407 0.3 0.006558641975308642 0.034375
