1 0.8699845679012346 0.36484375 0.008487654320987654 0.0484375
1 0.7777777777777778 0.64609375 0.041666666666666664 0.1828125
1 0.7667824074074074 0.3671875 0.009645061728395061 0.053125
1 0.9347993827160493 0.4203125 0.013888888888888888 0.071875
1 0.84375 0.43515625 0.015432098765432098 0.0828125
1 0.012152777777777778 0.2875 0.009645061728395061 0.053125
1 0.6454475308641975 0.3796875 0.010802469135802469 0.0625
1 0.12056327160493827 0.278125 0.0073302469135802465 0.040625
1 0.22453703703703703 0.2765625 0.006172839506172839 0.034375
1 0.3107638888888889 0.52109375 0.028935185185185185 0.1390625
1 0.5009645061728395 0.4140625 0.011959876543209876 0.0875
1 0.7696759259259259 0.48515625 0.024691358024691357 0.1109375
