1 0.24612403100775193 0.7101449275362319 0.05329457364341085 0.2898550724637681
1 0.311531007751938 0.4221014492753623 0.027131782945736434 0.15579710144927536
1 0.34011627906976744 0.28351449275362317 0.01744186046511628 0.08514492753623189
1 0.3335755813953488 0.23641304347826086 0.010174418604651164 0.06702898550724638
1 0.2693798449612403 0.213768115942029 0.009689922480620155 0.057971014492753624
1 0.22771317829457363 0.20652173913043478 0.011627906976744186 0.05434782608695652
1 0.17781007751937986 0.20652173913043478 0.01065891472868217 0.050724637681159424
1 0.10319767441860465 0.21739130434782608 0.011627906976744186 0.050724637681159424
1 0.022286821705426358 0.2318840579710145 0.013565891472868217 0.057971014492753624
1 0.04748062015503876 0.20471014492753623 0.011627906976744186 0.04710144927536232
1 0.15406976744186046 0.18659420289855072 0.007751937984496124 0.03985507246376811
1 0.23449612403100775 0.17391304347826086 0.007751937984496124 0.043478260869565216
1 0.3066860465116279 0.17391304347826086 0.007751937984496124 0.036231884057971016
1 0.3488372093023256 0.17391304347826086 0.007751937984496124 0.043478260869565216
1 0.39728682170542634 0.17391304347826086 0.007751937984496124 0.043478260869565216
1 0.4321705426356589 0.1793478260869565 0.009689922480620155 0.050724637681159424
1 0.4757751937984496 0.19202898550724637 0.009689922480620155 0.05434782608695652
1 0.5392441860465116 0.2318840579710145 0.013565891472868217 0.07246376811594203
1 0.5896317829457365 0.29347826086956524 0.018410852713178296 0.10144927536231885
1 0.7218992248062015 0.4601449275362319 0.03682170542635659 0.18115942028985507
