1 0.09593023255813954 0.6920289855072463 0.08139534883720931 0.3695652173913043
1 0.36724806201550386 0.2753623188405797 0.030038759689922482 0.15579710144927536
1 0.45542635658914726 0.17753623188405798 0.02131782945736434 0.11594202898550725
1 0.5300387596899225 0.11956521739130435 0.015503875968992248 0.09057971014492754
1 0.5978682170542635 0.09782608695652174 0.013565891472868217 0.07971014492753623
1 0.6458333333333334 0.08514492753623189 0.013565891472868217 0.07246376811594203
1 0.6928294573643411 0.07608695652173914 0.013565891472868217 0.07246376811594203
1 0.747093023255814 0.07427536231884058 0.013565891472868217 0.06884057971014493
1 0.8551356589147286 0.07608695652173914 0.016472868217054265 0.07246376811594203
1 0.9825581395348837 0.08695652173913043 0.015503875968992248 0.07246376811594203
1 0.9539728682170543 0.29347826086956524 0.030038759689922482 0.18115942028985507
1 0.937015503875969 0.3804347826086957 0.05426356589147287 0.2246376811594203
1 0.8885658914728682 0.47101449275362317 0.06201550387596899 0.2826086956521739
