1 0.18489583333333334 0.7787037037037037 0.08229166666666667 0.17222222222222222
1 0.21796875 0.6652777777777777 0.05364583333333333 0.125
1 0.2859375 0.6268518518518519 0.05 0.11296296296296296
1 0.334375 0.524074074074074 0.028125 0.07777777777777778
1 0.3177083333333333 0.4787037037037037 0.023958333333333335 0.05555555555555555
1 0.5447916666666667 0.4583333333333333 0.025 0.05925925925925926
1 0.61328125 0.5041666666666667 0.030729166666666665 0.075
1 0.665625 0.5833333333333334 0.04895833333333333 0.10555555555555556
1 0.7447916666666666 0.6111111111111112 0.058333333333333334 0.12037037037037036
1 0.7947916666666667 0.43287037037037035 0.027083333333333334 0.05648148148148148
1 0.78046875 0.7138888888888889 0.07864583333333333 0.1648148148148148
1 0.9643229166666667 0.8513888888888889 0.07135416666666666 0.2953703703703704
