1 0.6405038759689923 0.5471014492753623 0.045542635658914726 0.21739130434782608
1 0.39147286821705424 0.39855072463768115 0.025193798449612403 0.13768115942028986
1 0.2437015503875969 0.3442028985507246 0.02131782945736434 0.10869565217391304
1 0.21414728682170542 0.27355072463768115 0.01744186046511628 0.07971014492753623
1 0.2446705426356589 0.2246376811594203 0.012596899224806201 0.057971014492753624
1 0.2751937984496124 0.1956521739130435 0.009689922480620155 0.043478260869565216
1 0.2853682170542636 0.18478260869565216 0.007751937984496124 0.043478260869565216
1 0.2601744186046512 0.16485507246376813 0.006782945736434108 0.03260869565217391
1 0.23837209302325582 0.16485507246376813 0.005813953488372093 0.036231884057971016
1 0.21220930232558138 0.16304347826086957 0.005813953488372093 0.028985507246376812
1 0.14147286821705427 0.2028985507246377 0.009689922480620155 0.043478260869565216
1 0.125 0.19927536231884058 0.007751937984496124 0.036231884057971016
1 0.12112403100775193 0.2246376811594203 0.01065891472868217 0.050724637681159424
1 0.08624031007751938 0.19927536231884058 0.007751937984496124 0.043478260869565216
1 0.03875968992248062 0.20471014492753623 0.009689922480620155 0.03985507246376811
1 0.05232558139534884 0.2572463768115942 0.015503875968992248 0.057971014492753624
1 0.09108527131782945 0.18115942028985507 0.007751937984496124 0.03260869565217391
1 0.13662790697674418 0.17391304347826086 0.005813953488372093 0.03260869565217391
1 0.1821705426356589 0.16847826086956522 0.007751937984496124 0.03260869565217391
1 0.2856104651162791 0.16394927536231885 0.007267441860465116 0.034420289855072464
