1 0.28343023255813954 0.6195652173913043 0.0436046511627907 0.2463768115942029
1 0.4796511627906977 0.36231884057971014 0.023255813953488372 0.12318840579710146
1 0.5499031007751938 0.2644927536231884 0.015503875968992248 0.09057971014492754
1 0.5537790697674418 0.21014492753623187 0.012596899224806201 0.06521739130434782
1 0.5290697674418605 0.17391304347826086 0.009689922480620155 0.050724637681159424
1 0.5101744186046512 0.15579710144927536 0.007751937984496124 0.043478260869565216
1 0.4893410852713178 0.13768115942028986 0.003875968992248062 0.028985507246376812
1 0.47625968992248063 0.1286231884057971 0.005813953488372093 0.03260869565217391
1 0.4694767441860465 0.125 0.003875968992248062 0.028985507246376812
1 0.8905038759689923 0.4148550724637681 0.02422480620155039 0.16304347826086957
1 0.8599806201550387 0.3079710144927536 0.02616279069767442 0.10869565217391304
1 0.7441860465116279 0.21739130434782608 0.015503875968992248 0.07246376811594203
1 0.6521317829457365 0.17391304347826086 0.009689922480620155 0.050724637681159424
1 0.5901162790697675 0.14492753623188406 0.007751937984496124 0.036231884057971016
1 0.5591085271317829 0.1322463768115942 0.007751937984496124 0.036231884057971016
1 0.5416666666666666 0.12318840579710146 0.005813953488372093 0.036231884057971016
1 0.5300387596899225 0.11956521739130435 0.0048449612403100775 0.028985507246376812
1 0.5193798449612403 0.11413043478260869 0.003875968992248062 0.025362318840579712
1 0.5116279069767442 0.1105072463768116 0.003875968992248062 0.025362318840579712
1 0.500968992248062 0.10869565217391304 0.003875968992248062 0.021739130434782608
1 0.007267441860465116 0.24818840579710144 0.00872093023255814 0.04710144927536232
1 0.046511627906976744 0.21557971014492755 0.007751937984496124 0.03985507246376811
1 0.059593023255813955 0.22826086956521738 0.007751937984496124 0.043478260869565216
1 0.0935077519379845 0.2028985507246377 0.007751937984496124 0.036231884057971016
1 0.12645348837209303 0.213768115942029 0.009689922480620155 0.036231884057971016
1 0.13662790697674418 0.19202898550724637 0.005813953488372093 0.036231884057971016
1 0.17151162790697674 0.2028985507246377 0.007751937984496124 0.036231884057971016
1 0.1739341085271318 0.18297101449275363 0.005813953488372093 0.03260869565217391
1 0.21414728682170542 0.17391304347826086 0.005813953488372093 0.028985507246376812
1 0.22189922480620156 0.18478260869565216 0.006782945736434108 0.036231884057971016
1 0.25387596899224807 0.16304347826086957 0.005813953488372093 0.028985507246376812
1 0.27810077519379844 0.17028985507246377 0.005813953488372093 0.036231884057971016
1 0.2921511627906977 0.1539855072463768 0.005813953488372093 0.028985507246376812
1 0.32655038759689925 0.15579710144927536 0.005813953488372093 0.03260869565217391
1 0.34011627906976744 0.13768115942028986 0.003875968992248062 0.025362318840579712
1 0.3478682170542636 0.1322463768115942 0.003875968992248062 0.021739130434782608
1 0.3546511627906977 0.12681159420289856 0.003875968992248062 0.025362318840579712
1 0.3638565891472868 0.14492753623188406 0.005813953488372093 0.028985507246376812
1 0.36676356589147285 0.12318840579710146 0.003875968992248062 0.021739130434782608
1 0.38905038759689925 0.1358695652173913 0.0048449612403100775 0.028985507246376812
1 0.39026162790697677 0.11231884057971014 0.005329457364341085 0.025362318840579712
1 0.4120639534883721 0.1105072463768116 0.00436046511627907 0.021739130434782608
1 0.3994670542635659 0.12590579710144928 0.00436046511627907 0.02355072463768116
1 0.4186046511627907 0.11503623188405797 0.0048449612403100775 0.02355072463768116
1 0.48570736434108525 0.10507246376811594 0.00436046511627907 0.025362318840579712
1 0.4382267441860465 0.10778985507246377 0.00436046511627907 0.02355072463768116
1 0.4624515503875969 0.10597826086956522 0.00436046511627907 0.02355072463768116
