1 0.7131782945736435 0.391304347826087 0.03294573643410853 0.15579710144927536
1 0.6046511627906976 0.20471014492753623 0.011627906976744186 0.06884057971014493
1 0.5794573643410853 0.161231884057971 0.009689922480620155 0.050724637681159424
1 0.5668604651162791 0.1358695652173913 0.005813953488372093 0.036231884057971016
1 0.560077519379845 0.125 0.0048449612403100775 0.03260869565217391
1 0.5552325581395349 0.11594202898550725 0.005813953488372093 0.028985507246376812
1 0.5513565891472868 0.11231884057971014 0.003875968992248062 0.021739130434782608
1 0.312984496124031 0.39855072463768115 0.029069767441860465 0.14492753623188406
1 0.43023255813953487 0.21739130434782608 0.011627906976744186 0.057971014492753624
1 0.45494186046511625 0.17028985507246377 0.007751937984496124 0.043478260869565216
1 0.46656976744186046 0.14130434782608695 0.005813953488372093 0.028985507246376812
1 0.4728682170542636 0.13043478260869565 0.005813953488372093 0.028985507246376812
1 0.014534883720930232 0.2717391304347826 0.013565891472868217 0.06159420289855073
1 0.07025193798449612 0.286231884057971 0.016472868217054265 0.06884057971014493
1 0.12354651162790697 0.23550724637681159 0.012596899224806201 0.050724637681159424
1 0.20445736434108527 0.2318840579710145 0.013565891472868217 0.057971014492753624
1 0.20930232558139536 0.20652173913043478 0.009689922480620155 0.043478260869565216
1 0.24176356589147288 0.18840579710144928 0.007751937984496124 0.036231884057971016
1 0.2621124031007752 0.17391304347826086 0.006782945736434108 0.03260869565217391
1 0.2853682170542636 0.1956521739130435 0.01065891472868217 0.050724637681159424
1 0.32897286821705424 0.1793478260869565 0.00872093023255814 0.043478260869565216
1 0.34689922480620156 0.16666666666666666 0.006782945736434108 0.036231884057971016
1 0.3556201550387597 0.15579710144927536 0.006782945736434108 0.036231884057971016
1 0.24321705426356588 0.17028985507246377 0.005813953488372093 0.03260869565217391
1 0.26695736434108525 0.14945652173913043 0.0048449612403100775 0.02717391304347826
1 0.28415697674418605 0.14130434782608695 0.00436046511627907 0.018115942028985508
1 0.3059593023255814 0.13496376811594202 0.003391472868217054 0.019927536231884056
1 0.32025193798449614 0.14764492753623187 0.0048449612403100775 0.02355072463768116
1 0.31419573643410853 0.14583333333333334 0.00436046511627907 0.02717391304347826
1 0.33599806201550386 0.14945652173913043 0.005329457364341085 0.02717391304347826
1 0.35683139534883723 0.12681159420289856 0.00436046511627907 0.025362318840579712
1 0.3328488372093023 0.1322463768115942 0.0048449612403100775 0.028985507246376812
1 0.4120639534883721 0.11231884057971014 0.00436046511627907 0.021739130434782608
1 0.407703488372093 0.11684782608695653 0.003391472868217054 0.02355072463768116
1 0.5426356589147286 0.11231884057971014 0.003875968992248062 0.021739130434782608
1 0.5244670542635659 0.10778985507246377 0.003391472868217054 0.019927536231884056
1 0.5026647286821705 0.10597826086956522 0.003391472868217054 0.019927536231884056
1 0.4794089147286822 0.11684782608695653 0.00436046511627907 0.02717391304347826
