1 0.11434108527131782 0.33152173913043476 0.023255813953488372 0.09420289855072464
1 0.16472868217054262 0.3677536231884058 0.029069767441860465 0.11594202898550725
1 0.3594961240310077 0.22644927536231885 0.013565891472868217 0.06884057971014493
1 0.4481589147286822 0.24094202898550723 0.014534883720930232 0.07608695652173914
1 0.4951550387596899 0.17753623188405798 0.00872093023255814 0.050724637681159424
1 0.5343992248062015 0.18478260869565216 0.01065891472868217 0.06159420289855073
1 0.5479651162790697 0.2608695652173913 0.016472868217054265 0.08695652173913043
1 0.6041666666666666 0.19927536231884058 0.011627906976744186 0.06521739130434782
1 0.6201550387596899 0.1539855072463768 0.007751937984496124 0.05434782608695652
1 0.7049418604651163 0.19746376811594202 0.014534883720930232 0.07608695652173914
1 0.22868217054263565 0.519927536231884 0.03875968992248062 0.1956521739130435
1 0.6996124031007752 0.35507246376811596 0.029069767441860465 0.13768115942028986
1 0.006782945736434108 0.32971014492753625 0.013565891472868217 0.08695652173913043
1 0.1065891472868217 0.23731884057971014 0.013565891472868217 0.06521739130434782
1 0.21753875968992248 0.2246376811594203 0.011627906976744186 0.057971014492753624
1 0.2916666666666667 0.2210144927536232 0.012596899224806201 0.06521739130434782
1 0.47093023255813954 0.16847826086956522 0.009689922480620155 0.050724637681159424
1 0.6918604651162791 0.15217391304347827 0.01065891472868217 0.057971014492753624
1 0.7567829457364341 0.14492753623188406 0.011627906976744186 0.057971014492753624
1 0.8284883720930233 0.13405797101449277 0.01065891472868217 0.057971014492753624
1 0.8546511627906976 0.19202898550724637 0.01937984496124031 0.08333333333333333
1 0.9871608527131783 0.572463768115942 0.024709302325581394 0.2391304347826087
1 0.9835271317829457 0.17753623188405798 0.02131782945736434 0.07971014492753623
1 0.9103682170542635 0.125 0.012596899224806201 0.050724637681159424
1 0.5862403100775194 0.14855072463768115 0.009689922480620155 0.050724637681159424
1 0.11676356589147287 0.17753623188405798 0.009689922480620155 0.06521739130434782
1 0.12693798449612403 0.17753623188405798 0.01065891472868217 0.06521739130434782
1 0.2059108527131783 0.15217391304347827 0.00872093023255814 0.057971014492753624
1 0.21608527131782945 0.1503623188405797 0.007751937984496124 0.057971014492753624
1 0.4278100775193798 0.15942028985507245 0.006782945736434108 0.043478260869565216
1 0.3856589147286822 0.15579710144927536 0.007751937984496124 0.050724637681159424
1 0.5532945736434108 0.13858695652173914 0.006782945736434108 0.041666666666666664
1 0.5135658914728682 0.1322463768115942 0.0048449612403100775 0.03260869565217391
1 0.4680232558139535 0.13405797101449277 0.0048449612403100775 0.025362318840579712
1 0.4261143410852713 0.13405797101449277 0.00436046511627907 0.028985507246376812
1 0.34375 0.16485507246376813 0.007267441860465116 0.043478260869565216
1 0.33502906976744184 0.14855072463768115 0.005329457364341085 0.028985507246376812
1 0.3798449612403101 0.14130434782608695 0.005813953488372093 0.03260869565217391
1 0.29796511627906974 0.16847826086956522 0.006782945736434108 0.03985507246376811
1 0.2742248062015504 0.1585144927536232 0.005813953488372093 0.030797101449275364
1 0.23594961240310078 0.18206521739130435 0.006782945736434108 0.041666666666666664
1 0.23304263565891473 0.161231884057971 0.0048449612403100775 0.028985507246376812
1 0.18410852713178294 0.18840579710144928 0.00872093023255814 0.04710144927536232
1 0.1441375968992248 0.1875 0.008236434108527133 0.041666666666666664
1 0.030038759689922482 0.1983695652173913 0.00872093023255814 0.03804347826086957
1 0.08430232558139535 0.19202898550724637 0.00872093023255814 0.03985507246376811
1 0.07267441860465117 0.17572463768115942 0.007751937984496124 0.03260869565217391
1 0.1383236434108527 0.1621376811594203 0.005329457364341085 0.030797101449275364
1 0.1812015503875969 0.1585144927536232 0.005813953488372093 0.030797101449275364
