1 0.14564043209876543 0.865625 0.04822530864197531 0.26875
1 0.5216049382716049 0.578125 0.04861111111111111 0.253125
1 0.5360725308641975 0.32421875 0.025848765432098766 0.1359375
1 0.46257716049382713 0.23828125 0.018518518518518517 0.0921875
1 0.3618827160493827 0.20546875 0.015432098765432098 0.0734375
1 0.24807098765432098 0.1984375 0.013117283950617283 0.065625
1 0.10609567901234568 0.21015625 0.013117283950617283 0.0609375
1 0.8173225308641975 0.26171875 0.02199074074074074 0.1171875
1 0.6440972222222222 0.1890625 0.015046296296296295 0.08125
1 0.4839891975308642 0.16171875 0.01273148148148148 0.0609375
1 0.3331404320987654 0.15859375 0.010416666666666666 0.0546875
1 0.16184413580246915 0.17421875 0.009645061728395061 0.0484375
1 0.8485725308641975 0.20390625 0.018132716049382717 0.0890625
1 0.8894675925925926 0.13359375 0.011959876543209876 0.0609375
1 0.9093364197530864 0.096875 0.009259259259259259 0.046875
1 0.921875 0.075 0.006558641975308642 0.0375
1 0.9612268518518519 0.07421875 0.0073302469135802465 0.0390625
1 0.9515817901234568 0.06171875 0.004243827160493827 0.0296875
