1 0.26176697530864196 0.278125 0.019675925925925927 0.090625
1 0.1394675925925926 0.2703125 0.015046296296296295 0.078125
1 0.4214891975308642 0.2015625 0.01273148148148148 0.071875
1 0.8341049382716049 0.35390625 0.03009259259259259 0.1640625
1 0.36419753086419754 0.33125 0.02546296296296296 0.125
1 0.9010416666666666 0.1375 0.01427469135802469 0.075
1 0.4168595679012346 0.509375 0.03896604938271605 0.209375
1 0.6053240740740741 0.234375 0.016975308641975308 0.1
1 0.8653549382716049 0.246875 0.023919753086419752 0.11875
1 0.2559799382716049 0.20703125 0.011188271604938271 0.0609375
1 0.06385030864197531 0.23671875 0.011959876543209876 0.0578125
1 0.9241898148148148 0.05625 0.008101851851851851 0.040625
1 0.9157021604938271 0.0859375 0.010416666666666666 0.053125
1 0.9677854938271605 0.053125 0.008873456790123456 0.04375
