1 0.9314903846153846 0.5973557692307693 0.0625 0.1778846153846154
1 0.11538461538461539 0.5432692307692307 0.052884615384615384 0.18028846153846154
1 0.5637019230769231 0.5769230769230769 0.052884615384615384 0.18509615384615385
1 0.7067307692307693 0.5877403846153846 0.04807692307692308 0.1875
1 0.8209134615384616 0.5973557692307693 0.040865384615384616 0.18509615384615385
1 0.171875 0.5528846153846154 0.040865384615384616 0.16105769230769232
1 0.6274038461538461 0.5865384615384616 0.040865384615384616 0.18990384615384615
1 0.5120192307692307 0.5841346153846154 0.057692307692307696 0.18028846153846154
1 0.33413461538461536 0.5709134615384616 0.04326923076923077 0.18028846153846154
1 0.3701923076923077 0.5757211538461539 0.04807692307692308 0.17067307692307693
1 0.4338942307692308 0.5805288461538461 0.05048076923076923 0.18509615384615385
1 0.2439903846153846 0.5721153846153846 0.04807692307692308 0.17548076923076922
