2 0.5484375 0.48046875 0.596875 0.63125
2 0.55625 0.371875 0.021875 0.08125
2 0.24140625 0.41015625 0.0171875 0.046875
2 0.07109375 0.315625 0.0046875 0.0109375
2 0.12890625 0.29375 0.0046875 0.0125
2 0.15390625 0.30078125 0.0109375 0.0109375
2 0.92578125 0.41484375 0.0234375 0.0296875
2 0.85625 0.41328125 0.0125 0.015625
2 0.09921875 0.43515625 0.1109375 0.1171875
2 0.29453125 0.33359375 0.0015625 0.0078125
2 0.04921875 0.31484375 0.0078125 0.015625
2 0.115625 0.3 0.003125 0.0125
2 0.1359375 0.38515625 0.0125 0.05
2 0.471875 0.32265625 0.846875 0.2125