2 0.046875 0.31484375 0.09375 0.125
2 0.11875 0.496875 0.2375 0.1875
2 0.07109375 0.61875 0.009375 0.03359375
2 0.08203125 0.73828125 0.0265625 0.07421875
2 0.08515625 0.5875 0.0140625 0.02421875
2 0.17421875 0.32109375 0.15859375 0.11796875
2 0.1 0.63671875 0.009375 0.03828125
2 0.11171875 0.6 0.01171875 0.03359375
2 0.1203125 0.60546875 0.009375 0.02890625
2 0.18515625 0.64765625 0.0140625 0.04296875
2 0.39296875 0.4828125 0.28828125 0.146875
2 0.353125 0.321875 0.1921875 0.11328125
2 0.3015625 0.8421875 0.0265625 0.10546875
2 0.30390625 0.58515625 0.0171875 0.0171875
2 0.3140625 0.609375 0.009375 0.03125
2 0.3171875 0.58203125 0.0140625 0.02421875
2 0.328125 0.5828125 0.0171875 0.02421875
2 0.3390625 0.678125 0.0171875 0.05546875
2 0.428125 0.6203125 0.009375 0.04296875
2 0.50703125 0.328125 0.12734375 0.0984375
2 0.52734375 0.578125 0.1390625 0.04296875
2 0.49609375 0.60078125 0.009375 0.0359375
2 0.5015625 0.70703125 0.01953125 0.06953125
2 0.5328125 0.63359375 0.01171875 0.03828125
2 0.61328125 0.61328125 0.009375 0.04296875
2 0.61640625 0.578125 0.01171875 0.02890625
2 0.81015625 0.50390625 0.37734375 0.209375
2 0.8234375 0.2765625 0.353125 0.125
2 0.78359375 0.65390625 0.0140625 0.06015625
2 0.8546875 0.77421875 0.021875 0.09375
2 0.8890625 0.60078125 0.01171875 0.04296875
2 0.89296875 0.61171875 0.0171875 0.0484375
2 0.90859375 0.678125 0.0140625 0.06484375
2 0.9390625 0.59609375 0.0140625 0.053125
2 0.96015625 0.60546875 0.0140625 0.0625