2 0.053125 0.85703125 0.0671875 0.21171875
2 0.53515625 0.77265625 0.04296875 0.15390625
2 0.6625 0.74375 0.04296875 0.1296875
2 0.7046875 0.74375 0.03828125 0.13203125
2 0.728125 0.73046875 0.03828125 0.11328125
2 0.7390625 0.7171875 0.03359375 0.1109375
2 0.78515625 0.709375 0.03828125 0.115625
2 0.87890625 0.7328125 0.05546875 0.1515625
2 0.9046875 0.7390625 0.05546875 0.1828125
2 0.93515625 0.7453125 0.0890625 0.20703125
2 0.96875 0.7390625 0.06015625 0.1921875
2 0.984375 0.66484375 0.02890625 0.0671875