2 0.0640625 0.978125 0.11328125 0.03828125
2 0.08671875 0.90390625 0.15859375 0.071875
2 0.12265625 0.83984375 0.125 0.04296875
2 0.1734375 0.7859375 0.15625 0.040625
2 0.26953125 0.98046875 0.14453125 0.03359375
2 0.47578125 0.334375 0.5578125 0.665625
2 0.5015625 0.96875 0.19921875 0.06015625
2 0.5 0.734375 0.084375 0.040625
2 0.5046875 0.396875 0.0171875 0.06484375
2 0.53125 0.36640625 0.03125 0.0578125
2 0.5640625 0.36328125 0.02890625 0.06015625
2 0.6234375 0.7328125 0.084375 0.03828125
2 0.61328125 0.33203125 0.02890625 0.06953125
2 0.69921875 0.96640625 0.07421875 0.0453125
2 0.69609375 0.984375 0.06484375 0.02890625
2 0.75234375 0.725 0.115625 0.03359375
2 0.7546875 0.97578125 0.0578125 0.04296875
2 0.81015625 0.97265625 0.084375 0.05078125
2 0.82578125 0.775 0.1109375 0.03359375
2 0.89296875 0.8328125 0.125 0.04296875
2 0.915625 0.88125 0.165625 0.05078125
2 0.9859375 0.94921875 0.0265625 0.0265625