2 0.24140625 0.70078125 0.0140625 0.0765625
2 0.24765625 0.51796875 0.0265625 0.12265625
2 0.27265625 0.4984375 0.05078125 0.21171875
2 0.2609375 0.6921875 0.01953125 0.084375
2 0.26328125 0.4578125 0.021875 0.08671875
2 0.28828125 0.2484375 0.0671875 0.18984375
2 0.26953125 0.70703125 0.021875 0.06953125
2 0.29296875 0.521875 0.02421875 0.16328125
2 0.30390625 0.7296875 0.02890625 0.165625
2 0.328125 0.73828125 0.02421875 0.134375
2 0.36171875 0.22109375 0.09140625 0.1828125
2 0.3328125 0.5484375 0.03359375 0.15859375
2 0.3390625 0.33203125 0.021875 0.0765625
2 0.353125 0.50703125 0.03359375 0.19453125
2 0.35078125 0.74296875 0.021875 0.1390625
2 0.359375 0.33515625 0.03125 0.07421875
2 0.3640625 0.5796875 0.021875 0.12265625
2 0.38671875 0.7828125 0.053125 0.2359375
2 0.41328125 0.79921875 0.05078125 0.228125
2 0.4265625 0.353125 0.07421875 0.13671875
2 0.4890625 0.5484375 0.03828125 0.16796875
2 0.50390625 0.25859375 0.0671875 0.19453125
2 0.50234375 0.82578125 0.040625 0.165625
2 0.521875 0.55625 0.03828125 0.18984375
2 0.53984375 0.9015625 0.03828125 0.0890625
2 0.540625 0.25859375 0.04296875 0.196875
2 0.55078125 0.834375 0.05546875 0.16796875
2 0.5765625 0.84140625 0.06953125 0.134375
2 0.58671875 0.60703125 0.08671875 0.21640625
2 0.58671875 0.3015625 0.06484375 0.2046875
2 0.62734375 0.28359375 0.04296875 0.23046875
2 0.63828125 0.3109375 0.02890625 0.20703125
2 0.65859375 0.5484375 0.01953125 0.05546875
2 0.696875 0.91171875 0.084375 0.1765625
2 0.6828125 0.55625 0.02421875 0.0625
2 0.71171875 0.32421875 0.07421875 0.1875
2 0.709375 0.5640625 0.02421875 0.06015625
2 0.7390625 0.9125 0.0796875 0.16328125
2 0.7609375 0.6390625 0.06015625 0.10546875
2 0.77890625 0.2953125 0.05078125 0.1421875
2 0.790625 0.69609375 0.0671875 0.1875
2 0.77890625 0.5875 0.040625 0.09609375
2 0.8140625 0.30078125 0.09609375 0.15859375
2 0.821875 0.68046875 0.05078125 0.240625
2 0.8578125 0.3078125 0.05078125 0.15390625