2 0.5875 0.61875 0.0453125 0.18984375
2 0.0984375 0.1828125 0.06484375 0.11796875
2 0.20078125 0.65625 0.0625 0.1296875
2 0.19609375 0.21015625 0.03828125 0.06953125
2 0.21640625 0.225 0.0578125 0.06015625
2 0.2484375 0.6625 0.06015625 0.13203125
2 0.32578125 0.203125 0.0796875 0.0984375
2 0.3265625 0.62734375 0.05078125 0.16328125
2 0.35 0.6046875 0.0453125 0.18515625
2 0.446875 0.2046875 0.08671875 0.071875
2 0.49375 0.62734375 0.04296875 0.1875
2 0.525 0.63671875 0.08671875 0.21171875
2 0.72578125 0.6 0.0578125 0.1515625