2 0.06640625 0.72734375 0.0359375 0.10546875
2 0.10234375 0.7140625 0.03828125 0.10546875
2 0.12734375 0.72265625 0.0265625 0.125
2 0.146875 0.70546875 0.03828125 0.115625
2 0.1875 0.71171875 0.0359375 0.11328125
2 0.23203125 0.71640625 0.0359375 0.12265625
2 0.28359375 0.70546875 0.02421875 0.12265625
2 0.3265625 0.71171875 0.03828125 0.146875
2 0.3546875 0.7015625 0.02890625 0.115625
2 0.38359375 0.69921875 0.03125 0.09609375
2 0.4 0.6984375 0.03828125 0.10078125
2 0.43125 0.69375 0.040625 0.1109375
2 0.46015625 0.70546875 0.03125 0.10546875
2 0.49375 0.6875 0.021875 0.103125
2 0.5140625 0.6890625 0.03828125 0.084375
2 0.5359375 0.6765625 0.02421875 0.06484375
2 0.5640625 0.70078125 0.04296875 0.09140625
2 0.61796875 0.921875 0.10546875 0.15625
2 0.5953125 0.69453125 0.03359375 0.08671875
2 0.615625 0.70546875 0.04296875 0.0671875
2 0.63203125 0.6984375 0.02421875 0.0671875
2 0.66484375 0.6890625 0.04296875 0.0890625
2 0.6921875 0.6921875 0.01953125 0.06484375
2 0.74375 0.71640625 0.04296875 0.103125
2 0.7671875 0.7171875 0.03828125 0.115625
2 0.8234375 0.73046875 0.0359375 0.125