2 0.15859375 0.06640625 0.01171875 0.05078125
2 0.18046875 0.6203125 0.0265625 0.084375
2 0.1890625 0.0640625 0.03359375 0.115625
2 0.24765625 0.5421875 0.0265625 0.0890625
2 0.2453125 0.43515625 0.0171875 0.05546875
2 0.30078125 0.3953125 0.040625 0.08671875
2 0.296875 0.56484375 0.0140625 0.05546875
2 0.38125 0.5890625 0.0484375 0.15859375
2 0.49375 0.453125 0.04296875 0.053125
2 0.490625 0.5671875 0.03359375 0.053125
2 0.57578125 0.4578125 0.03828125 0.05546875
2 0.5765625 0.56875 0.03125 0.05546875
2 0.6109375 0.31875 0.02421875 0.05078125
2 0.62265625 0.321875 0.02421875 0.03828125
2 0.634375 0.31015625 0.0140625 0.040625
2 0.6421875 0.30390625 0.01953125 0.040625
2 0.68125 0.30390625 0.0578125 0.0359375
2 0.81875 0.36171875 0.03359375 0.03125
2 0.83515625 0.2125 0.0140625 0.01953125
2 0.8375 0.28515625 0.0171875 0.03125
2 0.85 0.23046875 0.0171875 0.05078125
2 0.8609375 0.27421875 0.0265625 0.03125
2 0.8703125 0.25703125 0.021875 0.0625