2 0.35546875 0.578125 0.08671875 0.35078125
2 0.41015625 0.58671875 0.084375 0.33671875
2 0.4546875 0.59609375 0.1703125 0.34375
2 0.4125 0.33671875 0.053125 0.09140625
2 0.40234375 0.44609375 0.02421875 0.053125
2 0.45546875 0.34375 0.04296875 0.0890625
2 0.45703125 0.2796875 0.021875 0.03359375
2 0.50390625 0.33671875 0.0671875 0.10546875
2 0.5359375 0.34140625 0.02890625 0.06953125
2 0.58203125 0.6046875 0.10546875 0.34140625
2 0.55625 0.32109375 0.03828125 0.071875
2 0.57578125 0.33203125 0.02421875 0.06015625
2 0.62890625 0.5828125 0.10546875 0.35078125