1 0.1550925925925926 0.21015625 0.013888888888888888 0.0765625
1 0.714891975308642 0.240625 0.006944444444444444 0.040625
1 0.3285108024691358 0.26328125 0.01427469135802469 0.0828125
1 0.2934027777777778 0.19296875 0.010416666666666666 0.0578125
1 0.2800925925925926 0.3359375 0.022376543209876542 0.11875
1 0.6197916666666666 0.24375 0.008873456790123456 0.05
1 0.1091820987654321 0.1375 0.008487654320987654 0.046875
1 0.5713734567901234 0.21328125 0.006944444444444444 0.0421875
1 0.7380401234567902 0.26640625 0.007716049382716049 0.0484375
1 0.5096450617283951 0.23125 0.010030864197530864 0.05625
1 0.017361111111111112 0.08671875 0.006172839506172839 0.0328125
1 0.09085648148148148 0.08984375 0.002700617283950617 0.0234375
1 0.13580246913580246 0.18046875 0.010802469135802469 0.0640625
1 0.052662037037037035 0.090625 0.005015432098765432 0.03125
1 0.08198302469135803 0.09453125 0.004243827160493827 0.0296875
1 0.3910108024691358 0.52734375 0.06520061728395062 0.3546875
1 0.4122299382716049 0.23515625 0.011959876543209876 0.0671875
1 0.3080632716049383 0.42421875 0.04282407407407408 0.2859375
1 0.4305555555555556 0.196875 0.007716049382716049 0.046875
1 0.7727623456790124 0.8921875 0.030864197530864196 0.2125
1 0.3387345679012346 0.52421875 0.041666666666666664 0.1953125
1 0.8663194444444444 0.27890625 0.005015432098765432 0.0453125
1 0.8618827160493827 0.2984375 0.008487654320987654 0.05
1 0.5034722222222222 0.1546875 0.0023148148148148147 0.021875
1 0.08680555555555555 0.0765625 0.0023148148148148147 0.021875
1 0.008487654320987654 0.075 0.0030864197530864196 0.025
1 0.09375 0.11015625 0.006944444444444444 0.0390625
1 0.9969135802469136 0.346875 0.005401234567901234 0.046875
1 0.13869598765432098 0.08984375 0.002700617283950617 0.0203125
1 0.18287037037037038 0.08671875 0.0023148148148148147 0.0171875
1 0.20891203703703703 0.09453125 0.002700617283950617 0.0203125
1 0.28665123456790126 0.1 0.0023148148148148147 0.01875
1 0.29128086419753085 0.10546875 0.0023148148148148147 0.0203125
1 0.3717206790123457 0.11953125 0.0019290123456790122 0.0203125
1 0.38773148148148145 0.11796875 0.0023148148148148147 0.0203125
1 0.44540895061728397 0.13671875 0.0019290123456790122 0.0203125
1 0.4832175925925926 0.140625 0.0019290123456790122 0.01875
1 0.5509259259259259 0.1609375 0.0023148148148148147 0.01875
1 0.5690586419753086 0.175 0.0030864197530864196 0.025
1 0.6128472222222222 0.17890625 0.002700617283950617 0.0234375
