1 0.20698302469135801 0.30234375 0.02044753086419753 0.1109375
1 0.39988425925925924 0.2515625 0.01427469135802469 0.071875
1 0.4799382716049383 0.38828125 0.02546296296296296 0.1296875
1 0.7145061728395061 0.26640625 0.010030864197530864 0.0515625
1 0.5621141975308642 0.2484375 0.011574074074074073 0.059375
1 0.6743827160493827 0.30390625 0.012345679012345678 0.0703125
1 0.8699845679012346 0.29921875 0.010030864197530864 0.0515625
1 0.5648148148148148 0.3203125 0.016975308641975308 0.090625
1 0.9255401234567902 0.34140625 0.013117283950617283 0.0640625
1 0.7935956790123457 0.31328125 0.013117283950617283 0.0640625
1 0.4685570987654321 0.6046875 0.04513888888888889 0.225
1 0.12191358024691358 0.1140625 0.006172839506172839 0.034375
1 0.006172839506172839 0.08828125 0.006172839506172839 0.0359375
1 0.24189814814814814 0.14296875 0.007716049382716049 0.0359375
1 0.0623070987654321 0.08828125 0.005787037037037037 0.0296875
1 0.18325617283950618 0.1140625 0.006172839506172839 0.028125
1 0.2845293209876543 0.13515625 0.006558641975308642 0.0328125
