1 0.5441743827160493 0.8234375 0.07060185185185185 0.334375
1 0.18460648148148148 0.31953125 0.027391975308641976 0.1265625
1 0.0939429012345679 0.19140625 0.015046296296296295 0.0765625
1 0.05015432098765432 0.13203125 0.011574074074074073 0.0578125
1 0.8435570987654321 0.5671875 0.03202160493827161 0.178125
1 0.8794367283950617 0.4078125 0.022762345679012346 0.1
1 0.058256172839506175 0.11484375 0.006172839506172839 0.0421875
1 0.04031635802469136 0.08359375 0.005787037037037037 0.0359375
1 0.1244212962962963 0.1046875 0.005787037037037037 0.034375
1 0.17476851851851852 0.0921875 0.004629629629629629 0.028125
1 0.2191358024691358 0.10625 0.005401234567901234 0.03125
1 0.31114969135802467 0.109375 0.003472222222222222 0.025
1 0.3277391975308642 0.11953125 0.004243827160493827 0.0265625
1 0.435570987654321 0.13984375 0.0038580246913580245 0.0265625
1 0.44367283950617287 0.13359375 0.0038580246913580245 0.0234375
1 0.5432098765432098 0.16640625 0.0038580246913580245 0.0265625
1 0.5769675925925926 0.16875 0.003472222222222222 0.021875
1 0.6410108024691358 0.19609375 0.003472222222222222 0.0296875
1 0.6853780864197531 0.2 0.004243827160493827 0.028125
1 0.7569444444444444 0.234375 0.005401234567901234 0.034375
1 0.7866512345679012 0.23046875 0.004629629629629629 0.0296875
