1 0.17708333333333334 0.25703125 0.019290123456790122 0.0984375
1 0.06114969135802469 0.16328125 0.01273148148148148 0.0671875
1 0.3387345679012346 0.5078125 0.04243827160493827 0.203125
1 0.11959876543209877 0.16796875 0.011574074074074073 0.0671875
1 0.10435956790123457 0.10703125 0.004243827160493827 0.0328125
1 0.9182098765432098 0.27109375 0.004629629629629629 0.0328125
1 0.29128086419753085 0.1296875 0.005401234567901234 0.028125
1 0.19347993827160495 0.128125 0.005787037037037037 0.0375
1 0.38425925925925924 0.1296875 0.0030864197530864196 0.025
1 0.1261574074074074 0.1453125 0.006944444444444444 0.05
1 0.24228395061728394 0.1109375 0.0038580246913580245 0.03125
1 0.4050925925925926 0.14296875 0.0038580246913580245 0.0296875
1 0.5204475308641975 0.16484375 0.0030864197530864196 0.0296875
1 0.5250771604938271 0.15546875 0.0030864197530864196 0.0265625
1 0.6396604938271605 0.19375 0.0038580246913580245 0.03125
1 0.6716820987654321 0.19375 0.0030864197530864196 0.028125
1 0.753858024691358 0.23203125 0.004629629629629629 0.0359375
1 0.7964891975308642 0.2328125 0.004243827160493827 0.03125
1 0.8954475308641975 0.278125 0.004629629629629629 0.040625
