1 0.4106867283950617 0.37265625 0.010416666666666666 0.0546875
1 0.22241512345679013 0.453125 0.02044753086419753 0.090625
1 0.8589891975308642 0.3546875 0.010416666666666666 0.046875
1 0.6033950617283951 0.334375 0.006172839506172839 0.040625
1 0.22839506172839505 0.3265625 0.006172839506172839 0.028125
1 0.9803240740740741 0.35 0.009259259259259259 0.04375
1 0.29205246913580246 0.34296875 0.006172839506172839 0.0328125
1 0.5582561728395061 0.49765625 0.02546296296296296 0.1140625
1 0.3167438271604938 0.334375 0.004629629629629629 0.03125
1 0.22453703703703703 0.353125 0.006172839506172839 0.05
1 0.29224537037037035 0.409375 0.01273148148148148 0.06875
1 0.052083333333333336 0.3640625 0.009259259259259259 0.0375
1 0.966820987654321 0.334375 0.006172839506172839 0.0375
1 0.3443287037037037 0.32421875 0.005015432098765432 0.0265625
1 0.21682098765432098 0.3359375 0.006172839506172839 0.03125
1 0.2667824074074074 0.31640625 0.003472222222222222 0.0234375
1 0.7696759259259259 0.33125 0.006172839506172839 0.040625
1 0.876929012345679 0.33125 0.006172839506172839 0.0375
1 0.8699845679012346 0.8796875 0.05169753086419753 0.240625
1 0.5135030864197531 0.346875 0.009259259259259259 0.04375
1 0.015046296296296295 0.3421875 0.006172839506172839 0.03125
1 0.1739969135802469 0.57890625 0.02854938271604938 0.1546875
1 0.060378086419753084 0.8390625 0.07368827160493827 0.2875
1 0.13136574074074073 0.371875 0.008101851851851851 0.04375
1 0.7131558641975309 0.35859375 0.010416666666666666 0.0515625
1 0.6716820987654321 0.33203125 0.006944444444444444 0.0359375
1 0.1697530864197531 0.315625 0.006172839506172839 0.025
1 0.1739969135802469 0.321875 0.006172839506172839 0.03125
1 0.6012731481481481 0.37734375 0.011188271604938271 0.0578125
1 0.5190972222222222 0.41171875 0.01427469135802469 0.0765625
1 0.24845679012345678 0.33125 0.004629629629629629 0.025
1 0.13676697530864199 0.35078125 0.005787037037037037 0.0359375
1 0.22029320987654322 0.3140625 0.0030864197530864196 0.021875
1 0.05690586419753087 0.3359375 0.005015432098765432 0.028125
1 0.04050925925925926 0.325 0.0038580246913580245 0.025
1 0.24556327160493827 0.3 0.003472222222222222 0.021875
1 0.22627314814814814 0.296875 0.002700617283950617 0.015625
1 0.109375 0.3265625 0.004243827160493827 0.025
1 0.11207561728395062 0.31953125 0.003472222222222222 0.0234375
1 0.3090277777777778 0.29765625 0.0030864197530864196 0.0171875
1 0.31558641975308643 0.29296875 0.0023148148148148147 0.0171875
1 0.31809413580246915 0.31875 0.003472222222222222 0.025
