1 0.5841049382716049 0.58515625 0.034722222222222224 0.1515625
1 0.7714120370370371 0.54453125 0.027391975308641976 0.1203125
1 0.06520061728395062 0.25625 0.008487654320987654 0.034375
1 0.9500385802469136 0.5296875 0.02199074074074074 0.103125
1 0.1753472222222222 0.259375 0.006558641975308642 0.03125
1 0.3184799382716049 0.753125 0.053626543209876545 0.25625
1 0.11863425925925926 0.26171875 0.006558641975308642 0.0328125
1 0.5420524691358025 0.31171875 0.006172839506172839 0.0296875
1 0.5829475308641975 0.3171875 0.006172839506172839 0.028125
1 0.4990354938271605 0.3046875 0.005787037037037037 0.028125
1 0.6217206790123457 0.321875 0.006558641975308642 0.025
