1 0.5525678294573644 0.14402173913043478 0.008236434108527133 0.04528985507246377
1 0.6957364341085271 0.14945652173913043 0.00872093023255814 0.04891304347826087
1 0.747093023255814 0.14402173913043478 0.00872093023255814 0.04891304347826087
1 0.7868217054263565 0.14221014492753623 0.009689922480620155 0.05615942028985507
1 0.8524709302325582 0.14855072463768115 0.012112403100775194 0.06159420289855073
1 0.625968992248062 0.17028985507246377 0.009689922480620155 0.057971014492753624
1 0.6531007751937985 0.15579710144927536 0.009689922480620155 0.05434782608695652
1 0.9435562015503876 0.1539855072463768 0.01308139534883721 0.06159420289855073
1 0.467781007751938 0.1956521739130435 0.010174418604651164 0.057971014492753624
1 0.6119186046511628 0.2128623188405797 0.011627906976744186 0.07789855072463768
1 0.437015503875969 0.22826086956521738 0.01065891472868217 0.07246376811594203
1 0.6300872093023255 0.27898550724637683 0.02180232558139535 0.10144927536231885
1 0.3958333333333333 0.30344202898550726 0.015503875968992248 0.1068840579710145
1 0.2877906976744186 0.5769927536231884 0.044573643410852716 0.23007246376811594
1 0.7449127906976745 0.5733695652173914 0.05377906976744186 0.24094202898550723
1 0.5203488372093024 0.15760869565217392 0.007751937984496124 0.050724637681159424
1 0.6027131782945736 0.13043478260869565 0.007751937984496124 0.043478260869565216
1 0.6431686046511628 0.12228260869565218 0.006298449612403101 0.03804347826086957
1 0.6918604651162791 0.11503623188405797 0.0048449612403100775 0.034420289855072464
1 0.7512112403100775 0.10960144927536232 0.005329457364341085 0.034420289855072464
1 0.8158914728682171 0.11956521739130435 0.006782945736434108 0.036231884057971016
1 0.8909883720930233 0.12590579710144928 0.007751937984496124 0.04528985507246377
1 0.9811046511627907 0.13677536231884058 0.00872093023255814 0.04528985507246377
1 0.5704941860465116 0.08967391304347826 0.007267441860465116 0.04528985507246377
1 0.0436046511627907 0.13677536231884058 0.006782945736434108 0.041666666666666664
1 0.09035852713178294 0.1358695652173913 0.007267441860465116 0.03985507246376811
1 0.1371124031007752 0.1213768115942029 0.006782945736434108 0.043478260869565216
1 0.18871124031007752 0.10235507246376811 0.00436046511627907 0.02717391304347826
1 0.21778100775193798 0.10960144927536232 0.00436046511627907 0.034420289855072464
1 0.23449612403100775 0.09420289855072464 0.0048449612403100775 0.028985507246376812
1 0.2703488372093023 0.08605072463768115 0.0048449612403100775 0.02355072463768116
1 0.29651162790697677 0.0769927536231884 0.003875968992248062 0.02355072463768116
