1 0.915625 0.9270833333333334 0.0875 0.14305555555555555
1 0.64296875 0.65 0.034375 0.07777777777777778
1 0.56171875 0.5583333333333333 0.0203125 0.044444444444444446
1 0.5015625 0.5055555555555555 0.009375 0.03333333333333333
1 0.215625 0.6277777777777778 0.04375 0.08888888888888889
1 0.2953125 0.5388888888888889 0.021875 0.05
1 0.334375 0.49444444444444446 0.0125 0.03333333333333333
1 0.32890625 0.475 0.009375 0.027777777777777776
1 0.3 0.4638888888888889 0.009375 0.022222222222222223
1 0.13359375 0.44375 0.0125 0.02638888888888889
1 0.237109375 0.4513888888888889 0.01015625 0.022222222222222223
1 0.47265625 0.4847222222222222 0.0078125 0.019444444444444445
1 0.429296875 0.4701388888888889 0.00859375 0.018055555555555554
1 0.378515625 0.45625 0.00703125 0.015277777777777777
1 0.323828125 0.4486111111111111 0.00703125 0.016666666666666666
1 0.261328125 0.4409722222222222 0.00703125 0.018055555555555554
1 0.182421875 0.43333333333333335 0.00859375 0.016666666666666666
