1 0.15939922480620156 0.5869565217391305 0.0562015503875969 0.2391304347826087
1 0.375 0.34782608695652173 0.02422480620155039 0.13043478260869565
1 0.4641472868217054 0.2509057971014493 0.015503875968992248 0.08876811594202899
1 0.5513565891472868 0.213768115942029 0.013565891472868217 0.07246376811594203
1 0.6201550387596899 0.19021739130434784 0.013565891472868217 0.06521739130434782
1 0.6521317829457365 0.17572463768115942 0.009689922480620155 0.057971014492753624
1 0.7625968992248062 0.2807971014492754 0.01937984496124031 0.10869565217391304
1 0.7984496124031008 0.25 0.01744186046511628 0.08695652173913043
1 0.8236434108527132 0.21014492753623187 0.014534883720930232 0.07246376811594203
1 0.9922480620155039 0.17753623188405798 0.014534883720930232 0.07246376811594203
1 0.7441860465116279 0.3894927536231884 0.029069767441860465 0.14855072463768115
1 0.7974806201550387 0.6485507246376812 0.06395348837209303 0.29347826086956524
1 0.6560077519379846 0.15579710144927536 0.007751937984496124 0.050724637681159424
1 0.6351744186046512 0.13949275362318841 0.007751937984496124 0.043478260869565216
1 0.6017441860465116 0.12681159420289856 0.005813953488372093 0.036231884057971016
1 0.8163759689922481 0.18297101449275363 0.00872093023255814 0.06159420289855073
1 0.7795542635658915 0.15760869565217392 0.009689922480620155 0.057971014492753624
1 0.7388565891472868 0.1358695652173913 0.00872093023255814 0.04710144927536232
1 0.6918604651162791 0.1213768115942029 0.006782945736434108 0.03985507246376811
1 0.6831395348837209 0.11231884057971014 0.005813953488372093 0.03985507246376811
1 0.9767441860465116 0.20833333333333334 0.01937984496124031 0.08333333333333333
1 0.9156976744186046 0.1213768115942029 0.011627906976744186 0.050724637681159424
1 0.9757751937984496 0.10869565217391304 0.009689922480620155 0.04710144927536232
1 0.5862403100775194 0.11413043478260869 0.006782945736434108 0.036231884057971016
1 0.5954457364341085 0.10235507246376811 0.003875968992248062 0.02717391304347826
1 0.6208817829457365 0.09963768115942029 0.00436046511627907 0.025362318840579712
1 0.6603682170542635 0.09239130434782608 0.003875968992248062 0.025362318840579712
1 0.7085755813953488 0.09239130434782608 0.00436046511627907 0.025362318840579712
1 0.7395833333333334 0.09148550724637682 0.00436046511627907 0.02717391304347826
1 0.810077519379845 0.09963768115942029 0.0048449612403100775 0.028985507246376812
1 0.8696705426356589 0.10416666666666667 0.0048449612403100775 0.030797101449275364
1 0.8454457364341085 0.11231884057971014 0.006782945736434108 0.04710144927536232
1 0.7613856589147286 0.10597826086956522 0.005329457364341085 0.03804347826086957
1 0.7185077519379846 0.10869565217391304 0.0048449612403100775 0.03260869565217391
