1 0.6734496124031008 0.2427536231884058 0.01744186046511628 0.07971014492753623
1 0.7543604651162791 0.2391304347826087 0.01744186046511628 0.07608695652173914
1 0.8565891472868217 0.23731884057971014 0.01744186046511628 0.07246376811594203
1 0.9709302325581395 0.24818840579710144 0.01744186046511628 0.06521739130434782
1 0.5833333333333334 0.2753623188405797 0.02131782945736434 0.10144927536231885
1 0.47771317829457366 0.34057971014492755 0.027131782945736434 0.13043478260869565
1 0.9738372093023255 0.36594202898550726 0.03488372093023256 0.14130434782608695
1 0.9297480620155039 0.4420289855072464 0.046511627906976744 0.17391304347826086
1 0.3003875968992248 0.49094202898550726 0.040697674418604654 0.19202898550724637
1 0.9515503875968992 0.6702898550724637 0.07364341085271318 0.2753623188405797
