1 0.3203125 0.6361111111111111 0.0375 0.07777777777777778
1 0.516015625 0.5638888888888889 0.02109375 0.05277777777777778
1 0.651171875 0.5208333333333334 0.01796875 0.041666666666666664
1 0.70390625 0.4951388888888889 0.0125 0.03194444444444444
1 0.78984375 0.7069444444444445 0.05 0.1111111111111111
1 0.91171875 0.6020833333333333 0.0359375 0.0763888888888889
1 0.965234375 0.5541666666666667 0.02109375 0.05555555555555555
1 0.94609375 0.5097222222222222 0.015625 0.03611111111111111
1 0.715234375 0.47638888888888886 0.01171875 0.027777777777777776
1 0.710546875 0.4395833333333333 0.00546875 0.0125
1 0.7296875 0.4625 0.009375 0.022222222222222223
1 0.733203125 0.44305555555555554 0.00546875 0.016666666666666666
1 0.73984375 0.45 0.0078125 0.019444444444444445
1 0.84375 0.4423611111111111 0.00625 0.015277777777777777
1 0.86171875 0.4527777777777778 0.0078125 0.016666666666666666
1 0.80703125 0.4375 0.00625 0.013888888888888888
1 0.66953125 0.43680555555555556 0.003125 0.015277777777777777
1 0.615234375 0.4375 0.00390625 0.013888888888888888
1 0.52421875 0.4354166666666667 0.003125 0.0125
1 0.554296875 0.4305555555555556 0.00390625 0.011111111111111112
1 0.628125 0.43194444444444446 0.003125 0.011111111111111112
1 0.6765625 0.43194444444444446 0.003125 0.011111111111111112
1 0.7203125 0.43194444444444446 0.003125 0.011111111111111112
1 0.7640625 0.43333333333333335 0.0046875 0.011111111111111112
1 0.91015625 0.4847222222222222 0.0078125 0.022222222222222223
1 0.891796875 0.4618055555555556 0.00546875 0.018055555555555554
