1 0.886328125 0.8625 0.06640625 0.13055555555555556
1 0.411328125 0.6756944444444445 0.03359375 0.07916666666666666
1 0.457421875 0.6055555555555555 0.01953125 0.04722222222222222
1 0.451953125 0.5715277777777777 0.01328125 0.03194444444444444
1 0.125 0.9215277777777777 0.090625 0.15416666666666667
1 0.309765625 0.5013888888888889 0.00703125 0.019444444444444445
1 0.371875 0.5048611111111111 0.0078125 0.018055555555555554
1 0.4171875 0.5111111111111111 0.0078125 0.019444444444444445
1 0.455078125 0.5277777777777778 0.01171875 0.025
1 0.443359375 0.51875 0.01015625 0.020833333333333332
1 0.504296875 0.5152777777777777 0.00546875 0.013888888888888888
1 0.32265625 0.49444444444444446 0.0046875 0.013888888888888888
1 0.53828125 0.5229166666666667 0.00625 0.015277777777777777
1 0.561328125 0.5361111111111111 0.00703125 0.016666666666666666
1 0.63828125 0.5798611111111112 0.01875 0.043055555555555555
1 0.7921875 0.6979166666666666 0.034375 0.07361111111111111
1 0.703125 0.6194444444444445 0.0171875 0.04722222222222222
1 0.602734375 0.55625 0.01015625 0.02361111111111111
1 0.463671875 0.5069444444444444 0.00546875 0.013888888888888888
1 0.421875 0.5020833333333333 0.0046875 0.0125
1 0.45625 0.5458333333333333 0.009375 0.025
1 0.376953125 0.4986111111111111 0.00390625 0.011111111111111112
