1 0.9296875 0.7861111111111111 0.075 0.13333333333333333
1 0.7046875 0.6125 0.03125 0.06666666666666667
1 0.5796875 0.5430555555555555 0.01875 0.041666666666666664
1 0.48125 0.5152777777777777 0.015625 0.03888888888888889
1 0.38515625 0.5 0.0140625 0.03333333333333333
1 0.26875 0.49166666666666664 0.0125 0.027777777777777776
1 0.2296875 0.5513888888888889 0.03125 0.05277777777777778
1 0.30546875 0.6083333333333333 0.0328125 0.075
1 0.2453125 0.7527777777777778 0.059375 0.13333333333333333
1 0.03203125 0.5402777777777777 0.028125 0.05555555555555555
