1 0.33796296296296297 0.284375 0.016203703703703703 0.078125
1 0.4818672839506173 0.41015625 0.02700617283950617 0.1484375
1 0.10011574074074074 0.3015625 0.015046296296296295 0.065625
1 0.6346450617283951 0.240625 0.017746913580246913 0.0875
1 0.22685185185185186 0.28203125 0.013888888888888888 0.0703125
1 0.47511574074074076 0.22109375 0.013503086419753086 0.0640625
1 0.43016975308641975 0.31875 0.020061728395061727 0.103125
1 0.8088348765432098 0.3140625 0.030478395061728395 0.13125
1 0.3244598765432099 0.23125 0.011574074074074073 0.05625
1 0.4010416666666667 0.82265625 0.06828703703703703 0.3359375
1 0.1716820987654321 0.25546875 0.011574074074074073 0.0546875
