1 0.330054012345679 0.275 0.015046296296296295 0.078125
1 0.4222608024691358 0.30625 0.01890432098765432 0.1
1 0.2173996913580247 0.27578125 0.013503086419753086 0.0703125
1 0.4845679012345679 0.40078125 0.026234567901234566 0.1484375
1 0.08680555555555555 0.2984375 0.010030864197530864 0.059375
1 0.31037808641975306 0.225 0.010416666666666666 0.05625
1 0.11014660493827161 0.22734375 0.0073302469135802465 0.0390625
1 0.012345679012345678 0.2625 0.010030864197530864 0.046875
1 0.15297067901234568 0.25234375 0.008873456790123456 0.0546875
1 0.09085648148148148 0.25078125 0.008101851851851851 0.0453125
1 0.41898148148148145 0.73359375 0.06095679012345679 0.2984375
1 0.46122685185185186 0.21640625 0.01273148148148148 0.0671875
1 0.6170910493827161 0.2328125 0.015817901234567902 0.0875
1 0.8117283950617284 0.315625 0.029320987654320986 0.1375
1 0.18152006172839505 0.21015625 0.008101851851851851 0.0484375
